Firmicutes_1.68,Bacteroidetes_5.7N15,Firmicutes_Abiotrophia,Firmicutes_Acidaminococcus,Proteobacteria_Actinobacillus,Actinobacteria_Actinomyces,Actinobacteria_Adlercreutzia,Proteobacteria_Aggregatibacter,Verrucomicrobia_Akkermansia,Firmicutes_Anaerococcus,Firmicutes_Anaerofustis,Firmicutes_Anaerostipes,Firmicutes_Anaerotruncus,Actinobacteria_Atopobium,Bacteroidetes_Bacteroides,Actinobacteria_Bifidobacterium,Proteobacteria_Bilophila,Firmicutes_Blautia,Bacteroidetes_Butyricimonas,Proteobacteria_Campylobacter,Firmicutes_Catenibacterium,Firmicutes_Christensenella,Firmicutes_Clostridium,Actinobacteria_Collinsella,Proteobacteria_Comamonas,Firmicutes_Coprobacillus,Firmicutes_Coprococcus,Actinobacteria_Corynebacterium,Firmicutes_Dehalobacterium,Proteobacteria_Delftia,Proteobacteria_Desulfovibrio,Firmicutes_Dialister,Firmicutes_Dorea,Actinobacteria_Eggerthella,Proteobacteria_Eikenella,Proteobacteria_Enhydrobacter,Firmicutes_Enterococcus,Firmicutes_Epulopiscium,Firmicutes_Eubacterium,Fusobacteria_Fusobacterium,Proteobacteria_Haemophilus,Firmicutes_Holdemania,Firmicutes_Lachnospira,Firmicutes_Lactobacillus,Firmicutes_Lactococcus,Fusobacteria_Leptotrichia,Firmicutes_Megamonas,Firmicutes_Megasphaera,Euryarchaeota_Methanobrevibacter,Firmicutes_Mitsuokella,Firmicutes_Moryella,Deferribacteres_Mucispirillum,Proteobacteria_Neisseria,Bacteroidetes_Odoribacter,Firmicutes_Oscillospira,Proteobacteria_Oxalobacter,Bacteroidetes_Paraprevotella,Firmicutes_Parvimonas,Firmicutes_Peptococcus,Firmicutes_Peptoniphilus,Firmicutes_Peptostreptococcus,Firmicutes_Phascolarctobacterium,Bacteroidetes_Porphyromonas,Bacteroidetes_Prevotella,Proteobacteria_Proteus,Proteobacteria_Pseudomonas,Firmicutes_Pseudoramibacter,Synergistetes_Pyramidobacter,Firmicutes_rc4.4,Firmicutes_Roseburia,Actinobacteria_Rothia,Firmicutes_Ruminococcus,Firmicutes_Schwartzia,Firmicutes_Selenomonas,Actinobacteria_Slackia,Proteobacteria_Sphingomonas,Firmicutes_Streptococcus,Proteobacteria_Succinivibrio,Proteobacteria_Sutterella,Synergistetes_TG5,Firmicutes_Turicibacter,Firmicutes_Veillonella
Firmicutes_1.68,1,-0.05,-0.05,-0.184150707991005,0.48515619381731,0.0390803368367358,0.422577127364258,-0.153979470772421,0.147709789175199,-0.0724568837309472,-0.05,0.0738548945875996,0.300941917545312,0.296491107361057,0.369274472937998,0.223017582502508,0.185239643408737,0.258492131056599,0.184877493221863,-0.153979470772421,-0.0909667863407457,0.23931721056524,0.110782341881399,0.379777262656375,0.444736661041586,-0.0909667863407457,0.221564683762799,-0.05,0.327379036428454,-0.0724568837309472,0.258576097968366,0.0371695970837514,0.295419578350399,0.327379036428454,-0.05,-0.05,-0.0724568837309472,-0.05,0.0398862017608733,0.0740958573634948,-0.221564683762799,-0.138873014965883,0.184637236468999,0.390803368367358,0.606445242271638,-0.0909667863407457,0.369274472937998,0.112853219079492,0.606445242271638,-0.138873014965883,-0.05,-0.0724568837309472,-0.123537961400441,0.221564683762799,0.221564683762799,0.195401684183679,0.332347025644198,-0.138873014965883,-0.05,-0.05,0.296491107361057,0.0369274472937998,0.175976538025624,0.110782341881399,-0.05,-0.107713555065049,-0.0724568837309472,0.211288563682129,-0.05,0.258492131056599,0.0818447591071135,0.295419578350399,-0.0909667863407457,-0.214941852602047,-0.0909667863407457,-0.05,-0.147709789175199,-0.138873014965883,-0.0738548945875996,-0.05,0.075955452531275,-0.332347025644198
Bacteroidetes_5.7N15,-0.05,1,-0.05,-0.184150707991005,-0.0909667863407457,-0.214941852602047,-0.169030850945703,-0.153979470772421,0.258492131056599,-0.0724568837309472,1,0.184637236468999,-0.112853219079492,-0.123537961400441,0.147709789175199,-0.297356776670011,0.111143786045242,0.221564683762799,-0.14790199457749,-0.153979470772421,-0.0909667863407457,0.319089614086986,0.258492131056599,-0.246855220726644,0.39532147648141,-0.0909667863407457,0.332347025644198,-0.05,0.368301415982011,-0.0724568837309472,-0.147757770267638,-0.0371695970837514,0.332347025644198,-0.184150707991005,-0.05,-0.05,-0.0724568837309472,-0.05,0.0797724035217466,-0.111143786045242,0.221564683762799,0.277746029931765,0.258492131056599,-0.214941852602047,-0.0909667863407457,-0.0909667863407457,0.221564683762799,0.0752354793863279,-0.0909667863407457,0.277746029931765,-0.05,-0.0724568837309472,-0.123537961400441,0.332347025644198,0.147709789175199,0.0390803368367358,0.147709789175199,-0.138873014965883,-0.05,-0.05,0.444736661041586,0.332347025644198,-0.153979470772421,-0.369274472937998,-0.05,-0.107713555065049,-0.0724568837309472,-0.169030850945703,-0.05,-0.110782341881399,0.12276713866067,0.258492131056599,-0.0909667863407457,0,-0.0909667863407457,-0.05,-0.0738548945875996,-0.138873014965883,0.258492131056599,-0.05,-0.0379777262656375,0.147709789175199
Firmicutes_Abiotrophia,-0.05,-0.05,1,0.163689518214227,-0.0909667863407457,-0.214941852602047,-0.169030850945703,-0.153979470772421,0.0738548945875996,-0.0724568837309472,-0.05,0.0369274472937998,0.225706438158984,-0.123537961400441,-0.147709789175199,0.0371695970837514,0.259335500772232,-0.0369274472937998,-0.332779487799353,0.395947210557654,-0.0909667863407457,-0.199431008804366,-0.147709789175199,0,-0.123537961400441,0.606445242271638,-0.295419578350399,-0.05,-0.184150707991005,-0.0724568837309472,0.0738788851338188,-0.297356776670011,0.184637236468999,0.12276713866067,-0.05,-0.05,-0.0724568837309472,-0.05,-0.199431008804366,0.370479286817474,-0.0369274472937998,-0.138873014965883,-0.0738548945875996,-0.214941852602047,-0.0909667863407457,-0.0909667863407457,-0.110782341881399,-0.263324177852148,-0.0909667863407457,-0.138873014965883,-0.05,-0.0724568837309472,-0.123537961400441,-0.295419578350399,-0.295419578350399,-0.214941852602047,-0.221564683762799,-0.138873014965883,-0.05,-0.05,-0.123537961400441,-0.332347025644198,-0.153979470772421,0.147709789175199,-0.05,0.484710997792721,-0.0724568837309472,0.380319414627832,-0.05,0.0369274472937998,-0.184150707991005,-0.295419578350399,0.606445242271638,0.390803368367358,-0.0909667863407457,-0.05,-0.0369274472937998,-0.138873014965883,-0.295419578350399,-0.05,0.15191090506255,0.0738548945875996
Firmicutes_Acidaminococcus,-0.184150707991005,-0.184150707991005,0.163689518214227,1,-0.0496343647653773,0.185057272208876,-0.275862315946589,-0.342065487376261,-0.0777167492966145,0.344517321782192,-0.184150707991005,0.2497010370919,0.093830547606586,0.0139627193357469,-0.0942675384986713,0.519336197102369,0.0458436556421003,0.385705348360976,-0.239217918753684,0.0964470359143593,-0.0496343647653773,-0.0575169682229556,0.204366266668875,-0.0403336055337527,-0.244588324915843,0.556613947726016,0.166947091081616,-0.184150707991005,-0.181020733652313,-0.0550662932356782,0.0100776659281325,0.487466193375027,0.302231802820168,-0.0211323763955343,0.24553427732134,-0.184150707991005,0.468769470621671,0.409223795535567,0.333442964427675,-0.181208780569562,-0.465580896249163,0.0992272325555346,0.0748383511745177,0.11842142316247,-0.335031962166297,0.138858044284091,0.262653828641336,0.697131646670807,0.300760615066393,0.179511084350467,-0.184150707991005,0.152491273575724,-0.0544064581013587,-0.230991449298271,-0.072679552582945,-0.340413994557069,-0.258336231458191,0.561084896814023,0.286456656874897,0.327379036428454,-0.0832948429339385,0.251859835683473,0.487807674980182,0.0366995760567346,-0.184150707991005,-0.200454271865729,0.530895545041411,0.20422046076046,-0.184150707991005,0.214440660096214,0.349282296650718,0.15903149624585,-0.103995811889362,-0.317567417741158,-0.0496343647653773,-0.184150707991005,-0.0179899882631052,-0.511471280536256,0.082753946010284,0.204611897767784,-0.0965786334340317,-0.209403463382545
Proteobacteria_Actinobacillus,0.48515619381731,-0.0909667863407457,-0.0909667863407457,-0.0496343647653773,1,0.150664821882144,0.353896512528726,0.445302464882075,-0.316721856762228,-0.131823397225386,-0.0909667863407457,0.165292551508907,-0.0445398604637724,0.317513894994279,0.327385892343448,0.00751377510286493,0.0524242601984842,0.319921067436594,0.215693822722249,0.341123286222074,0.297723292469352,0.0633516119504406,0.12370281274215,0.403598066544823,0.341773383600584,-0.165499124343257,0.22607755432186,-0.0909667863407457,-0.0543614471239846,-0.131823397225386,-0.0464036233363707,0.012880757319197,0.39883493073762,-0.0543614471239846,0.606445242271638,-0.0909667863407457,0.397562626552753,-0.0909667863407457,0.112881054020785,0.0727520345611618,0.229276764996226,-0.252656637617933,0.456420722876207,0.557516269736174,0.217162872154116,0.257443082311734,0.428694230365036,0.0271584515023002,0.217162872154116,0.0548091118642076,-0.0909667863407457,-0.131823397225386,0.338919326117489,-0.0767810561847825,0.0927771095566122,-0.0231357966186064,0.374307648900815,-0.252656637617933,-0.0909667863407457,-0.0909667863407457,0.00570811496618929,0.169558165741395,0.266165096698416,0.344448349273399,-0.0909667863407457,0.0979835594960447,-0.131823397225386,-0.0988469569476785,-0.0909667863407457,0.450022301527475,0.205037197304594,0.143964480346467,-0.165499124343257,-0.17041489216632,0.297723292469352,-0.0909667863407457,0.231409572112469,-0.252656637617933,-0.0917107059984902,-0.0909667863407457,-0.271990001367164,-0.051187370789855
Actinobacteria_Actinomyces,0.0390803368367358,-0.214941852602047,-0.214941852602047,0.185057272208876,0.150664821882144,1,0.245357639085303,0.115029731498484,0.280380918159572,0.275073543885003,-0.214941852602047,0.228153100071024,0.349327073897381,0.128744137164077,0.261139090442739,0.210281197015287,0.0265438347530777,0.58206528843421,-0.15413492711769,0.101111543345642,0.193550688784927,0.196701449041679,0.206849647955959,-0.165026940554841,-0.0487388519264005,-0.101571790032906,0.151185789203691,-0.214941852602047,-0.162972247953496,-0.311480336458018,-0.00481201952692025,0.0913063092303218,0.241897262725905,0.173253207520656,0.390803368367358,0.195401684183679,0.512391895472064,0.312642694693886,0.122474487139159,-0.231655285117769,0.0116825382566488,0,-0.0474173611593394,0.166909090909091,-0.0919788987520206,0.180007783447206,-0.0590998994159882,0.105708192702414,0.0671502389661991,-0.0206750636281895,0.195401684183679,0.0795555837706626,0.151734161657662,-0.122323047628441,0.0542894424867799,0.096,-0.00481045692920835,0.143002523428311,0.27356235785715,-0.214941852602047,-0.0570152607440911,0.0474173611593394,0.352048288571873,0.0934603060531907,-0.214941852602047,-0.252568920829465,0.0525875892721329,-0.0912227119676127,-0.214941852602047,0.00068720813274405,-0.0384584043067829,0.138128834681554,-0.391051391626689,0.00981818181818182,0.260136640028721,0.195401684183679,0.306494827203846,-0.0103375318140948,0.0542894424867799,0.156321347346943,0.180222140648756,0.0247394927787858
Actinobacteria_Adlercreutzia,0.422577127364258,-0.169030850945703,-0.169030850945703,-0.275862315946589,0.353896512528726,0.245357639085303,1,0.0690519699279199,0.209548756034435,0.172047493838342,-0.169030850945703,0.233327338279477,0.168047618847579,0.191913012416452,0.708898983180322,0.089754408919649,0.395117707470392,0.145643816250884,0.382440476190476,-0.0610844349362369,0.214778573120882,0.611595589520227,-0.294259955282398,0.615957423149635,0.176003125376746,-0.307523866059444,0.355192572285319,0.126773138209277,0.156459223969707,-0.244948974278318,0.211103468642223,0.0314140431218772,0.164963914324981,-0.0667010375870858,0.338061701891407,-0.169030850945703,0.139970842444753,-0.169030850945703,0.0417361819620102,-0.427174427133084,-0.167936237105611,-0.108054109984012,-0.0178339366837817,0.0786402689375972,0.529624435991265,0,0.0460710030997694,0.0136254826092631,0.0854232961276234,0.0204930208590368,-0.169030850945703,-0.244948974278318,-0.00596620763988969,0.347761765333743,0.4711131607299,0.603957265440746,0.453279224046118,-0.275724280648859,-0.169030850945703,-0.169030850945703,0.064633916098805,-0.197659464911914,-0.0690519699279199,0.0653911011738662,-0.169030850945703,-0.364138277420643,-0.244948974278318,-0.261904761904762,0.126773138209277,0.0757942309060722,0.115285743977679,0.41909751206887,-0.14521960341696,-0.144698094845179,0.0292879872437566,-0.169030850945703,-0.0787665536867025,-0.00931500948138038,0.199145626302229,-0.169030850945703,-0.0504382009030719,-0.15901926876372
Proteobacteria_Aggregatibacter,-0.153979470772421,-0.153979470772421,-0.153979470772421,-0.342065487376261,0.445302464882075,0.115029731498484,0.0690519699279199,1,-0.490471784172631,-0.223137452214202,-0.153979470772421,-0.22357467764336,-0.202535568700582,-0.13457960757424,0.0572474953135247,-0.18143424338133,-0.23361778992389,-0.0974754649932988,0.140981105269503,0.232258064516129,0.0851220118319515,-0.0793819513788872,0.125325597848527,0.08314205102233,0.1288858549461,-0.280140352372318,-0.246009506887849,-0.153979470772421,-0.396075827488302,0.160901836290513,-0.143939094146538,-0.237499760649381,-0.176384174749779,-0.00857306985905416,0.395947210557654,0.263964807038436,0.194296557030053,-0.153979470772421,-0.192187882285727,0.230125165157586,0.733386831854343,-0.0426702089504196,-0.179478633955915,0.399533871681567,0,0.0533600671185368,-0.00154722960306824,-0.343601198262465,-0.280140352372318,0.0795217530439639,0.263964807038436,0.0349126625913377,0.105075616682965,-0.230537210857167,-0.354315579102626,-0.0912869399436368,0.292426394979896,-0.206562602419077,-0.153979470772421,-0.153979470772421,-0.13457960757424,0.00773614801534118,-0.186175115207373,0.0967018501917647,-0.153979470772421,0.468235076505572,-0.223137452214202,-0.0947251382344543,-0.153979470772421,-0.0232084440460235,-0.256334788785719,-0.444054896080583,-0.280140352372318,0.417136286110161,0.338582330645001,0.263964807038436,0.404600541202343,0.309359014890542,-0.260708188116998,-0.153979470772421,-0.413721210828819,0.48660371016496
Verrucomicrobia_Akkermansia,0.147709789175199,0.258492131056599,0.0738548945875996,-0.0777167492966145,-0.316721856762228,0.280380918159572,0.209548756034435,-0.490471784172631,1,0.344011854220397,0.258492131056599,0.207792207792208,0.488178952226391,-0.0434470624609357,0.327272727272727,0.00261443492808001,0.314008180505965,0.25974025974026,-0.031209389196618,-0.350447505094955,-0.217546325856884,0.356300462639739,0.0402597402597403,-0.231733289666382,0.0590880049468725,0.0991755309053441,0.284415584415584,0.332347025644198,0.444712509863961,-0.206407112532238,0.0857421285884046,-0.11242070190744,0.284415584415584,0.125210318311212,-0.295419578350399,0.0369274472937998,-0.020385887657505,0.295419578350399,0.0701378863464054,-0.0254073009123084,-0.335064935064935,0.0602363047000943,-0.111688311688312,-0.160806703062108,0.213280711624396,-0.424428616132548,-0.0571428571428571,0.0555650839932477,0.170624569299517,-0.263737334092305,0.0369274472937998,-0.19111769678911,-0.357134853428891,0.307792207792208,0.554545454545455,0.302371578407382,0.0532467532467532,0.0634923211703697,0.110782341881399,-0.147709789175199,0.230269431042959,-0.0532467532467532,-0.178705019154381,-0.120779220779221,-0.369274472937998,-0.115539421084303,0.0917364944587726,0.245216629401998,0.332347025644198,-0.25974025974026,-0.15903149624585,0.474025974025974,0.00746482490685385,-0.25289259284981,-0.376440456017059,0.0369274472937998,-0.287012987012987,-0.247457251740928,0.363636363636364,0,0.444767639532595,-0.34025974025974
Firmicutes_Anaerococcus,-0.0724568837309472,-0.0724568837309472,-0.0724568837309472,0.344517321782192,-0.131823397225386,0.275073543885003,0.172047493838342,-0.223137452214202,0.344011854220397,1,-0.0724568837309472,-0.0637058989297032,0.288141643066397,-0.179023514110999,0.275209483376318,0.197500832776392,0.0715833989590879,0.31343302273414,0.204124145231931,0.0273229533323512,-0.131823397225386,0.459652371940255,-0.0254823595718813,0.0602763781115103,-0.179023514110999,0.265739229327366,0.175828281045981,-0.0724568837309472,-0.0833054179719235,-0.105,0.00509812741934582,0.297533722104695,0.254823595718813,-0.00282391247362453,-0.0724568837309472,-0.0724568837309472,0.395,0.652111953578525,0.123858423576716,-0.166175747583597,-0.453586000379487,0.0798595706249925,-0.170731809131605,0.0593295878967653,-0.131823397225386,-0.131823397225386,0.402621281235724,0.467256718486048,0.265739229327366,0.0543045080249949,-0.0724568837309472,-0.105,-0.179023514110999,-0.0382235393578219,0.456134236336675,0.404519917477945,0.101929438287525,0.431241681374959,-0.0724568837309472,-0.0724568837309472,0.177318528262323,-0.117218854030654,0.125989173699175,0.0637058989297032,-0.0724568837309472,-0.156091770711905,0.395,-0.0408248290463863,-0.0724568837309472,-0.32617420252008,0.0282391247362452,0.341463618263209,-0.131823397225386,-0.311480336458018,-0.131823397225386,-0.0724568837309472,0.0509647191437625,-0.201246117974981,0.32617420252008,-0.0724568837309472,0.0746902946164367,-0.208955348489426
Firmicutes_Anaerofustis,-0.05,1,-0.05,-0.184150707991005,-0.0909667863407457,-0.214941852602047,-0.169030850945703,-0.153979470772421,0.258492131056599,-0.0724568837309472,1,0.184637236468999,-0.112853219079492,-0.123537961400441,0.147709789175199,-0.297356776670011,0.111143786045242,0.221564683762799,-0.14790199457749,-0.153979470772421,-0.0909667863407457,0.319089614086986,0.258492131056599,-0.246855220726644,0.39532147648141,-0.0909667863407457,0.332347025644198,-0.05,0.368301415982011,-0.0724568837309472,-0.147757770267638,-0.0371695970837514,0.332347025644198,-0.184150707991005,-0.05,-0.05,-0.0724568837309472,-0.05,0.0797724035217466,-0.111143786045242,0.221564683762799,0.277746029931765,0.258492131056599,-0.214941852602047,-0.0909667863407457,-0.0909667863407457,0.221564683762799,0.0752354793863279,-0.0909667863407457,0.277746029931765,-0.05,-0.0724568837309472,-0.123537961400441,0.332347025644198,0.147709789175199,0.0390803368367358,0.147709789175199,-0.138873014965883,-0.05,-0.05,0.444736661041586,0.332347025644198,-0.153979470772421,-0.369274472937998,-0.05,-0.107713555065049,-0.0724568837309472,-0.169030850945703,-0.05,-0.110782341881399,0.12276713866067,0.258492131056599,-0.0909667863407457,0,-0.0909667863407457,-0.05,-0.0738548945875996,-0.138873014965883,0.258492131056599,-0.05,-0.0379777262656375,0.147709789175199
Firmicutes_Anaerostipes,0.0738548945875996,0.184637236468999,0.0369274472937998,0.2497010370919,0.165292551508907,0.228153100071024,0.233327338279477,-0.22357467764336,0.207792207792208,-0.0637058989297032,0.184637236468999,1,0.0859935823705024,-0.179001897339055,0.554545454545455,-0.10588461458724,0.209121630585923,0.436363636363636,-0.483745532547578,-0.15781741951296,0.127968426974638,0.356300462639739,0.301298701298701,0.103511988179508,0.0295440024734363,0.0405233352086352,0.598701298701299,-0.258492131056599,0.15039630187956,-0.433200112721982,0.0734004585643161,-0.300660016729201,0.65974025974026,-0.198609470424682,0.221564683762799,-0.295419578350399,0.24463065189006,0.110782341881399,0.319828761739609,-0.517918057058594,-0.0818181818181818,-0.0830284199920219,0.345454545454545,-0.0213034521150655,-0.182355008438858,-0.0053320177906099,0.131168831168831,0.223583314163306,0.33378431369218,-0.0748883788163335,-0.295419578350399,-0.132508269773783,0.125127539887495,0.2,0.354545454545455,-0.0728440620708692,-0.146753246753247,0.00162800823513768,0,0.369274472937998,0.0556122399499977,0.176623376623377,0.194950929986598,-0.0194805194805195,-0.332347025644198,-0.375029596306427,0.356753034006338,-0.10403129732206,-0.258492131056599,0.580519480519481,-0.0129527915494358,0.580519480519481,-0.318854663878472,-0.155996246132899,-0.214347115182518,-0.295419578350399,0.0168831168831169,-0.454214297603414,-0.0298701298701299,0.147709789175199,0.356615494760369,-0.338961038961039
Firmicutes_Anaerotruncus,0.300941917545312,-0.112853219079492,0.225706438158984,0.093830547606586,-0.0445398604637724,0.349327073897381,0.168047618847579,-0.202535568700582,0.488178952226391,0.288141643066397,-0.112853219079492,0.0859935823705024,1,-0.154907295806197,0.231521183305199,-0.00266330710018352,0.107510863164753,0.255334790730876,0.0980277776610875,-0.155251000132352,-0.127101553030765,0.301514730804757,-0.00396893457094626,-0.0489818132845367,-0.115959175717782,0.516010578543705,0.0185216946644159,0.112853219079492,0.134148361031291,-0.381592986763606,0.276592259040522,-0.0372862994025692,0.14155866636375,0.372389985813638,-0.0752354793863279,0.18808869846582,0.202477911343954,0.376177396931639,-0.138611037384177,0.259486095663078,-0.18786290302479,-0.0514116688092491,-0.0449812584707243,-0.147711448080857,0.261807472482174,-0.365009588190915,-0.206384597689206,0.0566037735849057,0.383477335212479,0.0663376371732246,0.18808869846582,0.433510399928723,-0.408070076380896,0.084670604180187,0.220937357782675,0.2562198578085,-0.0198446728547313,0.315103776572817,-0.263324177852148,-0.0376177396931639,0.168185064018157,-0.384986653381788,-0.14658216256151,-0.00661489095157711,-0.263324177852148,-0.0598143594055863,0.231032488584768,0.21649377923607,0.112853219079492,-0.0238136074256776,-0.112156826435997,0.149496535505643,0.0521442268844165,-0.133710362954709,-0.0803890164468087,0.18808869846582,0.105838255225234,0.0480947869505878,-0.0555650839932477,-0.263324177852148,0.492539344694508,-0.136266753602488
Actinobacteria_Atopobium,0.296491107361057,-0.123537961400441,-0.123537961400441,0.0139627193357469,0.317513894994279,0.128744137164077,0.191913012416452,-0.13457960757424,-0.0434470624609357,-0.179023514110999,-0.123537961400441,-0.179001897339055,-0.154907295806197,1,-0.18247766233593,0.0166181464278563,-0.0675626633747674,0.165967778600774,0.373260865470599,0.158907459712661,0.431676194318065,-0.192405583043184,-0.124258598638276,0.149687280504388,0.198255813953488,-0.224757026793703,0.309343084721862,0.39532147648141,0.411659483864263,-0.179023514110999,0.273805405799078,0.604375746402565,0.0695152999374971,-0.250366001882359,0.345906291921234,-0.123537961400441,0.177318528262323,-0.123537961400441,0.494623132993941,-0.22186706875972,-0.323246144709361,-0.0163391325356362,0.281536964746863,0.113110920508439,0.338919326117489,0.437384309284254,-0.0330197674703111,-0.121270283002566,0.0542270921787982,0.139427264304096,-0.123537961400441,-0.179023514110999,0.190116279069767,-0.106879773653902,0.145113188619525,0.213807227790342,0.335411322198423,-0.343121783248361,0.494151845601762,-0.123537961400441,-0.137209302325581,0.0981903611617146,0.590597431700801,0.56741863573982,0.444736661041586,-0.266134260158606,-0.179023514110999,0.150149558937224,0.39532147648141,0.172050367345305,0.688506505176486,0.144244247370306,0.404562648228666,-0.160470370965224,0.398854533262476,-0.123537961400441,-0.0208545899812491,0.165569876361114,0.282405905996082,-0.123537961400441,0.0549598074687754,0.125127539887495
Bacteroidetes_Bacteroides,0.369274472937998,0.147709789175199,-0.147709789175199,-0.0942675384986713,0.327385892343448,0.261139090442739,0.708898983180322,0.0572474953135247,0.327272727272727,0.275209483376318,0.147709789175199,0.554545454545455,0.231521183305199,-0.18247766233593,1,0.0156866095684801,0.317265526776774,0.332467532467532,0.11313403583774,-0.250651195697054,0.105573952254076,0.782738811625884,0.0480519480519481,0.297179578966974,0.31716355596483,-0.10237474157971,0.507792207792208,-0.332347025644198,0.166227491551092,-0.20385887657505,-0.101981168093784,-0.11895678922764,0.451948051948052,-0.0395779741788315,0.221564683762799,-0.221564683762799,0.219148292318179,0.0738548945875996,-0.0953875254311114,-0.433878523271728,-0.119480519480519,-0.00976804941082611,-0.0558441558441558,0.224717059407304,0.174890183532005,-0.252737643274909,0.307792207792208,0.257980747111507,0.308190628297252,0.0700043541109204,-0.221564683762799,-0.183472988917545,-0.152064718613275,0.387012987012987,0.564935064935065,0.359409853425138,0.357142857142857,-0.118844601165051,-0.110782341881399,0.0369274472937998,0.247648256027333,0.124675324675325,-0.0796823245580141,-0.242857142857143,-0.369274472937998,-0.214032042336496,0.078995314672832,-0.160505430154035,-0.332347025644198,0.0558441558441558,-0.00503719671366946,0.592207792207792,-0.504408882991696,-0.230214724469257,-0.189819833345712,-0.221564683762799,-0.0662337662337662,-0.410258075254697,0.128571428571429,-0.258492131056599,0.0607715543505497,-0.32987012987013
Actinobacteria_Bifidobacterium,0.223017582502508,-0.297356776670011,0.0371695970837514,0.519336197102369,0.00751377510286493,0.210281197015287,0.089754408919649,-0.18143424338133,0.00261443492808001,0.197500832776392,-0.297356776670011,-0.10588461458724,-0.00266330710018352,0.0166181464278563,0.0156866095684801,1,0.388198807846553,0.322882713617881,-0.0026178369268231,0.0809835249427397,-0.368174980040381,0.0211793435521839,0.207847576782361,0.229891876161979,0.238776524989725,0.114853419429507,-0.0575175684177602,-0.185847985418757,-0.146312289839161,0.043604079963619,0.00980731569078855,0.367105263157895,0.11242070190744,0.24626821062037,-0.0371695970837514,0.111508791251254,-0.0282144046823417,0,-0.0734217243142377,-0.0767217238480518,-0.349027062898681,0.15567496226931,-0.248371318167601,0.44753925812135,0.226486649529214,-0.0161009466489963,0.350334280362721,0.459420474781656,0.193211359787955,-0.0294963086405008,0.111508791251254,-0.0923380516876639,-0.0603501107116888,0.202618706926201,-0.10849904951532,-0.22204034290101,0.00261443492808001,0.429335159100623,0.334526373753763,0.0743391941675028,0.146939399993677,0.179088792573481,0.204016187836517,-0.210462011710441,-0.297356776670011,-0.0591017870042937,0.0564288093646835,0.221394208668468,-0.185847985418757,-0.0758186129143203,0.08691819198366,0.0379093064571602,-0.25761514638394,-0.269768640907769,-0.120220401645839,0.111508791251254,-0.159480530612881,-0.308072556911897,0.122878441619761,0.371695970837514,-0.453061767640859,-0.237913578455281
Proteobacteria_Bilophila,0.185239643408737,0.111143786045242,0.259335500772232,0.0458436556421003,0.0524242601984842,0.0265438347530777,0.395117707470392,-0.23361778992389,0.314008180505965,0.0715833989590879,0.111143786045242,0.209121630585923,0.107510863164753,-0.0675626633747674,0.317265526776774,0.388198807846553,1,0.10032626514091,0.168297778229134,0.0442399137065173,-0.118222056161888,0.381387632265077,-0.0293161164372789,0.580888387456075,0.384453349009967,0.140154654816356,0.000651469254161754,0.0370479286817474,0.124896888599738,-0.366864919665326,-0.0759208217301502,-0.0465576272924075,0.22671130044829,0.272896091853762,-0.0740958573634948,-0.314907393794853,-0.209637096951615,-0.222287572090485,-0.12384543040342,0.0107843137254902,-0.161564375032115,0.0628828145522533,0.151792336219689,-0.100315011859034,0.345572164165519,-0.0508194359066939,0.0488601940621315,0.0623828465276964,-0.189904207861856,0.0498162556842526,-0.314907393794853,0.0102261998512983,-0.0370504928184209,0.523129811091888,0.22280248492332,0.297497784310468,0.106840957682528,-0.0465496159672524,0.0740958573634948,-0.314907393794853,-0.0741009856368417,-0.221499546414996,-0.197915403423893,-0.0912056955826455,-0.314907393794853,-0.20902954841515,-0.392430419293571,-0.28701946674736,0.0370479286817474,0.242998031802334,-0.0324876299825908,0.177851106386159,0.00160482429179033,-0.192011895551484,-0.412974784420713,-0.314907393794853,-0.173290821607026,-0.273581076298764,0.558960620070785,0.370479286817474,-0.315904123051372,-0.17850257564032
Firmicutes_Blautia,0.258492131056599,0.221564683762799,-0.0369274472937998,0.385705348360976,0.319921067436594,0.58206528843421,0.145643816250884,-0.0974754649932988,0.25974025974026,0.31343302273414,0.221564683762799,0.436363636363636,0.255334790730876,0.165967778600774,0.332467532467532,0.322882713617881,0.10032626514091,1,-0.223667289242429,0.169421641535972,0.0298592996274154,0.28195430311255,0.420779220779221,-0.00400691567146482,0.287619553491394,-0.0437225458830011,0.606493506493507,-0.184637236468999,0.257616631927667,-0.458682472293863,0.244884715741125,0.252292970559721,0.807792207792208,-0.0554091638503641,0.369274472937998,0.0738548945875996,0.509647191437625,0.332347025644198,0.426438348986145,-0.345930173959891,-0.0571428571428571,-0.0244201235270653,0.292207792207792,0.452870159478329,0.0703826348360506,0.157827726602053,0.451948051948052,0.370433893288318,0.53320177906099,0.0846564282271596,0.0738548945875996,-0.226793000189743,0.0286750612242175,0.0714285714285714,0.314285714285714,0.0735312702036133,0.132467532467532,0.231177169389551,0.184637236468999,0.295419578350399,0.462276744584356,0.318181818181818,0.554681812699962,0.131168831168831,-0.221564683762799,-0.261384264092358,0.453586000379487,0.221438047156956,-0.184637236468999,0.262337662337662,0.264093027702385,0.553246753246753,-0.260202468181763,-0.211660104885167,0.168491762183273,0.0738548945875996,0.418181818181818,-0.252341276446341,0.0493506493506493,0.147709789175199,0.162947903972903,0.0376623376623377
Bacteroidetes_Butyricimonas,0.184877493221863,-0.14790199457749,-0.332779487799353,-0.239217918753684,0.215693822722249,-0.15413492711769,0.382440476190476,0.140981105269503,-0.031209389196618,0.204124145231931,-0.14790199457749,-0.483745532547578,0.0980277776610875,0.373260865470599,0.11313403583774,-0.0026178369268231,0.168297778229134,-0.223667289242429,1,0.0402803157912866,0.242388602762132,0.226137870534546,-0.253576287222521,0.473431294840197,0.2001165479213,-0.102507955353148,0.0325097804131437,0.332779487799353,0.273083106047127,-0.153093108923949,0.0455284769518879,0.479064157608627,-0.315995065615757,0.0180133974965124,0.0369754986443726,0.0739509972887452,-0.0484794844925837,-0.110926495933118,-0.0702291523399211,0.0802349872952848,-0.16514968449877,0.205395959064437,-0.00650195608262874,0.118353604751084,0.439929975057261,0.0117457032175482,0.0169050858148347,0.0198704954718421,-0.0950334169419811,0.327655458507555,0.0739509972887452,0.0969589689851675,-0.139211511597426,0.271781764253881,0.396619321040353,0.584198897870175,0.621587001499308,0.0358627865033144,-0.0369754986443726,-0.258828490510608,0.0748261874836165,-0.150845381116987,-0.0704905526347516,0.213264159510223,0.258828490510608,-0.0815518017139981,-0.273016044247708,-0.15625,0.332779487799353,-0.140442251384781,0.416469750119366,0.0507152574445042,0.118524823377078,-0.348179790721212,0.211422657915868,0.0739509972887452,0.0273082155470407,0.283642038708032,0.492848271063259,-0.332779487799353,-0.252764165889258,0.10403129732206
Proteobacteria_Campylobacter,-0.153979470772421,-0.153979470772421,0.395947210557654,0.0964470359143593,0.341123286222074,0.101111543345642,-0.0610844349362369,0.232258064516129,-0.350447505094955,0.0273229533323512,-0.153979470772421,-0.15781741951296,-0.155251000132352,0.158907459712661,-0.250651195697054,0.0809835249427397,0.0442399137065173,0.169421641535972,0.0402803157912866,1,0.42116338689988,-0.305829412680765,-0.0123778368245459,0.243856829075064,-0.230855788377351,0.0851220118319515,-0.264576262124668,-0.153979470772421,-0.399505055431924,-0.223137452214202,-0.0530098276829993,0.00700818965850632,0.0820031689626165,0.110163947688846,0.43994134506406,0.307958941544842,0.227691277769594,-0.153979470772421,0.00752039539378931,0.238274622945628,0.292426394979896,-0.0465493188550032,0.290105550575294,0.194035917189614,-0.280140352372318,0.645402716576588,0.05260580650432,-0.107178355421319,-0.280140352372318,0.0795217530439639,0.307958941544842,-0.223137452214202,0.544012182925103,-0.332654364659671,-0.257613728910861,-0.133450862877245,0.0812295541610824,0.117343074613654,-0.153979470772421,-0.153979470772421,0.0388210406464155,-0.115268605428584,0.289400921658986,0.40769500040848,0.351953076051248,0.388127388717871,-0.223137452214202,-0.0097380983231682,-0.153979470772421,0.142345123482278,0.156887178420691,-0.304030617002908,0.391942397763538,0.403627456432403,0.672082750135856,0.307958941544842,0.542303975875416,0.106675522376049,-0.231310825658701,0.263964807038436,-0.197313192856821,0.502849620997176
Firmicutes_Catenibacterium,-0.0909667863407457,-0.0909667863407457,-0.0909667863407457,-0.0496343647653773,0.297723292469352,0.193550688784927,0.214778573120882,0.0851220118319515,-0.217546325856884,-0.131823397225386,-0.0909667863407457,0.127968426974638,-0.127101553030765,0.431676194318065,0.105573952254076,-0.368174980040381,-0.118222056161888,0.0298592996274154,0.242388602762132,0.42116338689988,1,0.0195814073301362,-0.325253085227204,0.128317863548218,-0.224757026793703,-0.165499124343257,0.207948693833786,-0.0909667863407457,0.134130961925484,-0.131823397225386,0.0736057473611397,0.212532495766751,-0.0703826348360506,-0.189083294344294,0.606445242271638,-0.0909667863407457,0.397562626552753,-0.0909667863407457,0.175080818481218,-0.19257891501484,0.145030883904589,-0.252656637617933,0.460686337108695,-0.118500421705057,-0.165499124343257,0.680385288966725,-0.251671239716787,-0.0347628179229443,-0.165499124343257,0.363611668952792,-0.0909667863407457,-0.131823397225386,0.398854533262476,-0.310323435413496,0.129034830532759,0.313743973657199,0.0394569316505132,-0.252656637617933,-0.0909667863407457,-0.0909667863407457,-0.224757026793703,0.205815886717542,0.445302464882075,0.395635720063254,0.545800718044474,-0.195967118992089,-0.131823397225386,-0.307523866059444,-0.0909667863407457,0.254870450391153,0.394120491648889,0.125835619858394,0.220665499124343,0.0784359934142997,0.647110332749562,-0.0909667863407457,0.444690283736865,0.112291838941303,-0.0554529850223429,-0.0909667863407457,0.161768246780874,0.302858610506642
Firmicutes_Christensenella,0.23931721056524,0.319089614086986,-0.199431008804366,-0.0575169682229556,0.0633516119504406,0.196701449041679,0.611595589520227,-0.0793819513788872,0.356300462639739,0.459652371940255,0.319089614086986,0.356300462639739,0.301514730804757,-0.192405583043184,0.782738811625884,0.0211793435521839,0.381387632265077,0.28195430311255,0.226137870534546,-0.305829412680765,0.0195814073301362,1,0.15570610768902,0.32243328655045,0.352899996215791,0.0886922567306168,0.520423116690328,-0.199431008804366,0.275925996204719,-0.28900298834567,0.188030594216346,0.0931891116296093,0.384355617178302,-0.164001085068157,0.0797724035217466,-0.199431008804366,0.308269854235381,0.35897581584786,0.0803030303030303,-0.444717681903189,-0.217427447673857,0.112540791752533,-0.00841654636156865,-0.102433207425478,0.291417414972027,-0.193510378321346,0.269329483570197,0.250071459198258,0.234976887961634,0.441370917654465,-0.199431008804366,-0.10734396709982,-0.223378189094038,0.446076957163138,0.5639086062251,0.599753852172366,0.263718452662484,0.0228598483247332,-0.199431008804366,-0.199431008804366,0.177388561927618,0.0252496390847059,-0.0609987626385133,-0.162719896323661,-0.199431008804366,-0.429628458970549,0.0963343294485565,-0.357968022212626,-0.199431008804366,-0.113623375881177,-0.029535740438815,0.569519637132812,-0.362831959352523,-0.228619042659763,-0.177384513461234,-0.199431008804366,-0.0967902831580395,-0.131883740334999,0.416619044897648,-0.199431008804366,0.049050253882395,-0.206205385858432
Firmicutes_Clostridium,0.110782341881399,0.258492131056599,-0.147709789175199,0.204366266668875,0.12370281274215,0.206849647955959,-0.294259955282398,0.125325597848527,0.0402597402597403,-0.0254823595718813,0.258492131056599,0.301298701298701,-0.00396893457094626,-0.124258598638276,0.0480519480519481,0.207847576782361,-0.0293161164372789,0.420779220779221,-0.253576287222521,-0.0123778368245459,-0.325253085227204,0.15570610768902,1,-0.0814739519864513,0.360610618425766,0.149296498137077,0.257142857142857,-0.295419578350399,0.00719599530524208,-0.31343302273414,0.0896394980696957,-0.0535959160256402,0.468831168831169,0.00359799765262104,-0.0738548945875996,0.332347025644198,0.198762404660674,0.369274472937998,0.324037034920393,-0.0482087248079698,0.087012987012987,0.380953927022218,0.0805194805194805,0.388272595000388,-0.0885114953241243,-0.0298592996274154,0.402597402597403,0.130974840841227,0.298592996274154,0.131868667046152,0.332347025644198,-0.0713506068012676,0.0886320074203088,0.192207792207792,0,-0.358722645292394,0.0935064935064935,0.411886083489834,0.221564683762799,0.0369274472937998,0.232876254790615,0.283116883116883,0.276954098949214,0.0623376623376623,-0.221564683762799,0.104174887862896,0.282854191247882,0.193200980740968,-0.295419578350399,0.15974025974026,-0.133125913146979,0.11038961038961,-0.394569316505132,0.041919696097387,0.0309257031855374,0.332347025644198,0.0636363636363636,-0.0862844364622973,0.105194805194805,0.295419578350399,-0.0140242048501269,0.0038961038961039
Actinobacteria_Collinsella,0.379777262656375,-0.246855220726644,0,-0.0403336055337527,0.403598066544823,-0.165026940554841,0.615957423149635,0.08314205102233,-0.231733289666382,0.0602763781115103,-0.246855220726644,0.103511988179508,-0.0489818132845367,0.149687280504388,0.297179578966974,0.229891876161979,0.580888387456075,-0.00400691567146482,0.473431294840197,0.243856829075064,0.128317863548218,0.32243328655045,-0.0814739519864513,1,0.175156459575284,-0.0433209881209797,0.086816506215071,0.075955452531275,0.026272348558683,-0.357727200531355,0.234146691139556,0.11494593808099,0.117536193029635,0.150603462864563,0.189888631328188,-0.246855220726644,-0.026207120918048,-0.246855220726644,0.163741288695642,-0.110549693114478,-0.114864915915325,-0.0385091653985193,0.286494470509734,0.179515387156016,0.455144558739407,0.265409598108281,0.165619181087212,0.0918408999085063,0.0707393350329922,0.149850882746412,-0.246855220726644,-0.0550349539279007,0.159517489970348,0.343926928467397,0.236408024616424,0.430766253825164,0.38266044662489,0.0142316480820615,-0.246855220726644,-0.075955452531275,-0.0285969729918831,-0.321221072995763,0.0763793004607051,0.315878518767143,0.0379777262656375,-0.22596335499317,-0.228001951987017,-0.278174320132093,0.075955452531275,0.496857543261637,0.205738391529968,0.160276626858593,0.0647072987123494,-0.0816300284114953,-0.00274183469120125,-0.246855220726644,0.100840711065198,0.0510665019415147,0.279148458445382,0.227866357593825,-0.353708791208791,0.0380656988789158
Proteobacteria_Comamonas,0.444736661041586,0.39532147648141,-0.123537961400441,-0.244588324915843,0.341773383600584,-0.0487388519264005,0.176003125376746,0.1288858549461,0.0590880049468725,-0.179023514110999,0.39532147648141,0.0295440024734363,-0.115959175717782,0.198255813953488,0.31716355596483,0.238776524989725,0.384453349009967,0.287619553491394,0.2001165479213,-0.230855788377351,-0.224757026793703,0.352899996215791,0.360610618425766,0.175156459575284,1,-0.224757026793703,0.344100734690611,-0.123537961400441,0.460769738079648,-0.179023514110999,0.0178190819647019,0.114577746423641,0.389285679649984,-0.178145039800909,-0.123537961400441,-0.123537961400441,-0.179023514110999,-0.123537961400441,-0.0647609035608765,-0.124228122979411,0.0295440024734363,0.111106101242326,0.0538743574515602,0.338872961035445,0.527287120001735,-0.224757026793703,0.421436505871076,-0.145170265784093,0.152692075345563,0.216765824972774,-0.123537961400441,-0.179023514110999,-0.117441860465116,0.49964121830076,0.227662607295303,0.149894959698175,0.343231793441392,-0.343121783248361,0.345906291921234,-0.123537961400441,0.202906976744186,0.258075551017958,0.00465852487756986,-0.102535067407808,-0.123537961400441,-0.0722364420430501,-0.179023514110999,-0.0228704626195771,-0.123537961400441,0.0173788249843743,0.0693321235981916,0.248517197276552,-0.224757026793703,-0.27542049343315,-0.224757026793703,-0.123537961400441,-0.133816952379682,-0.0708029076544236,0.376251560911703,-0.123537961400441,-0.255585446114955,-0.118176009893745
